function fitness = fitness_eco_emi(arrIndiv, popSize, pPartikel)
    %Aray Fuel Costss Coefficient (Di tabel yang a,b,c)
    arrCostEco = [];
    arrCostEco(1, 1) = 1.06;
    arrCostEco(1, 2) = -796.5;
    arrCostEco(1, 3) = 500770.41;
    arrCostEco(2, 1) = 1.06;
    arrCostEco(2, 2) = -796.5;
    arrCostEco(2, 3) = 500770.41;
    arrCostEco(3, 1) = 1.06;
    arrCostEco(3, 2) = -796.5;
    arrCostEco(3, 3) = 500770.41;
    arrCostEco(4, 1) = 1.06;
    arrCostEco(4, 2) = -796.5;
    arrCostEco(4, 3) = 500770.41;
    arrCostEco(5, 1) = 0.53;
    arrCostEco(5, 2) = -580.731;
    arrCostEco(5, 3) = 548169.063;
    arrCostEco(6, 1) = 0.53;
    arrCostEco(6, 2) = -580.731;
    arrCostEco(6, 3) = 548169.063;
    arrCostEco(7, 1) = 0.53;
    arrCostEco(7, 2) = -580.731;
    arrCostEco(7, 3) = 548169.063;
    arrCostEco(8, 1) = 0;
    arrCostEco(8, 2) = 0;
    arrCostEco(8, 3) = 10000;
    arrCostEco(9, 1) = 0;
    arrCostEco(9, 2) = 0;
    arrCostEco(9, 3) = 10000;
    arrCostEco(10, 1) = 0;
    arrCostEco(10, 2) = 0;
    arrCostEco(10, 3) = 10000;
    arrCostEco(11, 1) = 0;
    arrCostEco(11, 2) = 0;
    arrCostEco(11, 3) = 10000;
    arrCostEco(12, 1) = -29.86;
    arrCostEco(12, 2) = 2116.1058;
    arrCostEco(12, 3) = 578256.403;
    arrCostEco(13, 1) = -29.86;
    arrCostEco(13, 2) = 2116.1058;
    arrCostEco(13, 3) = 578256.403;
    arrCostEco(14, 1) = -1.88;
    arrCostEco(14, 2) = 253.0934;
    arrCostEco(14, 3) = 437774.976;
    arrCostEco(15, 1) = -1.88;
    arrCostEco(15, 2) = 253.0934;
    arrCostEco(15, 3) = 437774.976;
    arrCostEco(16, 1) = 1.661;
    arrCostEco(16, 2) = -1475.578;
    arrCostEco(16, 3) = 674957.404;
    arrCostEco(17, 1) = 1.661;
    arrCostEco(17, 2) = -1475.578;
    arrCostEco(17, 3) = 674957.404;
    arrCostEco(18, 1) = 1.661;
    arrCostEco(18, 2) = -1475.578;
    arrCostEco(18, 3) = 674957.404;
    arrCostEco(19, 1) = 967.659;
    arrCostEco(19, 2) = -26243.28;
    arrCostEco(19, 3) = 837352.902;
    arrCostEco(20, 1) = 967.659;
    arrCostEco(20, 2) = -26243.28;
    arrCostEco(20, 3) = 837352.902;
    arrCostEco(21, 1) = 0;
    arrCostEco(21, 2) = 0;
    arrCostEco(21, 3) = 15000;
    arrCostEco(22, 1) = 0;
    arrCostEco(22, 2) = 0;
    arrCostEco(22, 3) = 15000;
    arrCostEco(23, 1) = 0;
    arrCostEco(23, 2) = 0;
    arrCostEco(23, 3) = 15000;
    arrCostEco(24, 1) = 0;
    arrCostEco(24, 2) = 0;
    arrCostEco(24, 3) = 15000;
    arrCostEco(25, 1) = 0;
    arrCostEco(25, 2) = 0;
    arrCostEco(25, 3) = 15000;
    arrCostEco(26, 1) = 0;
    arrCostEco(26, 2) = 0;
    arrCostEco(26, 3) = 15000;
    arrCostEco(27, 1) = 0;
    arrCostEco(27, 2) = 0;
    arrCostEco(27, 3) = 15000;
    arrCostEco(28, 1) = 0;
    arrCostEco(28, 2) = 0;
    arrCostEco(28, 3) = 15000;
    arrCostEco(29, 1) = 0.67;
    arrCostEco(29, 2) = -803.4;
    arrCostEco(29, 3) = 664191.82;
    arrCostEco(30, 1) = 0.67;
    arrCostEco(30, 2) = -803.4;
    arrCostEco(30, 3) = 664191.82;
    arrCostEco(31, 1) = 0.67;
    arrCostEco(31, 2) = -803.4;
    arrCostEco(31, 3) = 664191.82;
    arrCostEco(32, 1) = 0.67;
    arrCostEco(32, 2) = -803.4;
    arrCostEco(32, 3) = 664191.82;
    arrCostEco(33, 1) = -5.98;
    arrCostEco(33, 2) = 61.9058;
    arrCostEco(33, 3) = 620176.752;
    arrCostEco(34, 1) = 2.429;
    arrCostEco(34, 2) = -2101.891;
    arrCostEco(34, 3) = 934134.238;
    arrCostEco(35, 1) = 2.429;
    arrCostEco(35, 2) = -2101.891;
    arrCostEco(35, 3) = 934134.238;
    arrCostEco(36, 1) = 0.536;
    arrCostEco(36, 2) = -727.78;
    arrCostEco(36, 3) = 828790.263;
    arrCostEco(37, 1) = 1.071;
    arrCostEco(37, 2) = -1494.774;
    arrCostEco(37, 3) = 1142590.01;
    arrCostEco(38, 1) = 4.045;
    arrCostEco(38, 2) = -3723.275;
    arrCostEco(38, 3) = 1659160.91;
    arrCostEco(39, 1) = 4.045;
    arrCostEco(39, 2) = -3723.275;
    arrCostEco(39, 3) = 1659160.91;
    arrCostEco(40, 1) = 13.045;
    arrCostEco(40, 2) = -5341.694;
    arrCostEco(40, 3) = 1068419.16;
    arrCostEco(41, 1) = 1.36;
    arrCostEco(41, 2) = -963.92;
    arrCostEco(41, 3) = 541408.16;
    arrCostEco(42, 1) = 1.36;
    arrCostEco(42, 2) = -963.92;
    arrCostEco(42, 3) = 541408.16;
    
%     Emi
        arrCostEmi = [];
